TH: 1 ACC: 0.9999822142542081 MCC: 0.9861592997602731 [[177.0, 5.0], [0.0, 280942.0]]
TH: 0.1 ACC: 0.9999928857016832 MCC: 0.9943941755669597 [[177.0, 2.0], [0.0, 280945.0]]
TH: 0.01 ACC: 0.9999964428508417 MCC: 0.9971852802154066 [[177.0, 1.0], [0.0, 280946.0]]
TH: 0.001 ACC: 0.9999964428508417 MCC: 0.9971852802154066 [[177.0, 1.0], [0.0, 280946.0]]
TH: 0.0001 ACC: 0.9999964428508417 MCC: 0.9971852802154066 [[177.0, 1.0], [0.0, 280946.0]]
TH: 1e-05 ACC: 0.9999964428508417 MCC: 0.9971852802154066 [[177.0, 1.0], [0.0, 280946.0]]
TH: 1e-06 ACC: 0.9999964428508417 MCC: 0.9971852802154066 [[177.0, 1.0], [0.0, 280946.0]]
TH: 1e-07 ACC: 0.9999964428508417 MCC: 0.9971852802154066 [[177.0, 1.0], [0.0, 280946.0]]
TH: 1e-08 ACC: 0.9999964428508417 MCC: 0.9971852802154066 [[177.0, 1.0], [0.0, 280946.0]]
TH: 1e-09 ACC: 0.9999928857016832 MCC: 0.9943467230956704 [[176.0, 1.0], [1.0, 280946.0]]
TH: 1e-10 ACC: 0.9999893285525249 MCC: 0.99150006085078 [[175.0, 1.0], [2.0, 280946.0]]
TH: 1e-11 ACC: 0.9999893285525249 MCC: 0.99150006085078 [[175.0, 1.0], [2.0, 280946.0]]
TH: 1e-12 ACC: 0.9999857714033665 MCC: 0.9886452234855595 [[174.0, 1.0], [3.0, 280946.0]]
TH: 1e-13 ACC: 0.9999750999558914 MCC: 0.9800309454020539 [[171.0, 1.0], [6.0, 280946.0]]
TH: 1e-14 ACC: 0.9999644285084163 MCC: 0.9713404717979257 [[168.0, 1.0], [9.0, 280946.0]]
TH: 1e-15 ACC: 0.9999608713592578 MCC: 0.9684263609937124 [[167.0, 1.0], [10.0, 280946.0]]
TH: 1e-16 ACC: 0.9999466427626243 MCC: 0.9566813792522674 [[163.0, 1.0], [14.0, 280946.0]]
TH: 1e-17 ACC: 0.9999181855693573 MCC: 0.9327300118376227 [[154.0, 0.0], [23.0, 280947.0]]
TH: 1e-18 ACC: 0.9998577140336649 MCC: 0.8797164968290151 [[137.0, 0.0], [40.0, 280947.0]]
TH: 1e-19 ACC: 0.9998256996912395 MCC: 0.8503162568770772 [[128.0, 0.0], [49.0, 280947.0]]
